-69.5 -5.5
-67.8 -4.4
-65.7 -3.9
-63.5 -3.5
-61.2 -3
-58.2 -3.1
-56.2 -2.5
-54.2 -2.2
-52.1 -1.7
-49.8 -1.8
-47.6 -3.1
-45.9 -4.7
-44.6 -1.6
-42.6 -3.4
-40.9 -2.1
-38.9 -1.7
-36.8 -1.7
-34.9 -1.8
-33.1 -2.1
-31.3 -2.5
-29.2 -3.3
-27.2 -4.4
-25 -4.9
-22.9 -7.8
-20.8 -10
-18.8 -12.5
-16.8 -14.5
-14.8 -16.5
-12.8 -18
-10.8 -18.5
-8.8 -17.5
-6.7 -15.5
-4.5 -12.5
-2.4 -09.5
-0.4 -07.5
1.6 -6.5
3.6 -6.5
5.4 -7
7.4 -7
9.5 -7.5 
11.4 -8.5
13.6 -9
15.7 -9.5
17.8 -10.5
19.8 -11
21.9 -12 
23.8 -12.75
25.8 -14
27.8 -15.5 
29.8 -19.5
31.8 -19.5 
33.8 -22 
35.9 -24.75 
38.1 -28 
40.1 -30.5 
42.1 -32 
44.2 -33 
46.3 -32 
48 -31 
49.9 -31 
51.9 -27 
53.9 -24.5 
55.9 -21 
58 -18 
60.1 -15
