-62.5 0.75
-60.9 0.6 
-59.2 0.6 
-57.6 0.45 
-56.1 0.45 
-54.7 0.425 
-53.3 0.4 
-52 0.4 
-50.5 0.425 
-48.9 0.475 
-47.1 0.6 
-45.5 0.85 
-44 1.9 
-42.6 1.9 
-41.3 1.45 
-39.9 1.3 
-38.4 1.35 
-36.9 1.45 
-35 1.9 
-33.5 2 
-32 2.4 
-30.5 2.9 
-29 3.5 
-27.5 4.2 
-26.1 5 
-24.5 6.1 
-23 7.5 
-21.3 9.1 
-19.8 10
-18.3 12 
-16.8 13 
-15.3 13.75 
-13.8 14 
-12.3 14 
-10.8 13.75 
-9.1 12 
-7.6 10.5 
-6.1 8.75 
-4.6 7.1 
-3.1 5.9 
-1.7 5.2 
-0.2 4.9 
1.3 4.9 
2.8 5.1 
4.3 5.4 
5.8 5.75 
7.3 6.1 
8.8 6.5 
10.3 6.9 
11.8 7.3 
13.8 7.6 
14.7 8 
16.1 8.5 
17.6 9 
19.1 9.6 
20.7 10.5 
22.2 11.1 
23.7 12 
25.2 12.6 
26.7 14.1 
28.2 15.6 
29.8 17.1 
31.3 18.6
33 20.4 
34.5 21.9 
36 23.1 
37.3 24.3 
38.8 25.8
40.5 27.3 
42.1 27.9 
43.6 27.6
45 26.1 
46.4 24.9
47.8 23.7 
49.3 22.8 
51.8 23.3 
53.3 19.8 
55.5 17.7 
57 15.3 
58.5 12.9 
60.1 11.6








































