1D 255 -512.000000 260608.000000 [nbin xmin xmax]
"X" "Function_0"
0.000000 1.515032
1024.000000 4.043737
2048.000000 7.716719
3072.000000 10.795859
4096.000000 14.395000
5120.000000 17.524688
6144.000000 20.739063
7168.000000 23.621562
8192.000000 27.553906
9216.000000 30.491797
10240.000000 34.081484
11264.000000 37.393672
12288.000000 40.541875
13312.000000 44.043750
14336.000000 47.422422
15360.000000 50.503125
16384.000000 53.766562
17408.000000 56.885625
18432.000000 60.125625
19456.000000 63.555625
20480.000000 66.654062
21504.000000 69.901797
22528.000000 72.974219
23552.000000 76.190391
24576.000000 78.832656
25600.000000 81.901172
26624.000000 84.920703
27648.000000 88.346875
28672.000000 91.036641
29696.000000 94.106719
30720.000000 97.073437
31744.000000 99.851328
32768.000000 103.120391
33792.000000 105.780547
34816.000000 108.877891
35840.000000 111.565859
36864.000000 114.143750
37888.000000 116.447266
38912.000000 119.384297
39936.000000 122.295391
40960.000000 124.911484
41984.000000 127.295469
43008.000000 130.154297
44032.000000 132.600000
45056.000000 135.160469
46080.000000 137.761875
47104.000000 140.215313
48128.000000 142.537188
49152.000000 144.777969
50176.000000 147.662812
51200.000000 149.806250
52224.000000 152.275156
53248.000000 154.385938
54272.000000 156.657344
55296.000000 158.954922
56320.000000 161.332188
57344.000000 163.349687
58368.000000 165.406016
59392.000000 167.634687
60416.000000 169.959766
61440.000000 171.650703
62464.000000 173.778047
63488.000000 175.737812
64512.000000 177.712031
65536.000000 180.183906
66560.000000 182.112188
67584.000000 183.865078
68608.000000 185.623281
69632.000000 187.461875
70656.000000 189.100391
71680.000000 191.144375
72704.000000 192.822891
73728.000000 194.563438
74752.000000 196.180391
75776.000000 197.786250
76800.000000 199.420234
77824.000000 200.928516
78848.000000 202.419453
79872.000000 204.035000
80896.000000 205.644922
81920.000000 207.180234
82944.000000 208.550625
83968.000000 209.937031
84992.000000 211.534219
86016.000000 212.892656
87040.000000 214.449375
88064.000000 215.593047
89088.000000 216.908438
90112.000000 218.201250
91136.000000 219.438125
92160.000000 220.855391
93184.000000 221.853047
94208.000000 223.179766
95232.000000 224.148594
96256.000000 225.379297
97280.000000 226.370625
98304.000000 227.669219
99328.000000 228.809531
100352.000000 229.890859
101376.000000 230.665703
102400.000000 231.653984
103424.000000 232.580938
104448.000000 233.566016
105472.000000 234.544531
106496.000000 235.349141
107520.000000 236.223125
108544.000000 237.223203
109568.000000 237.987578
110592.000000 238.966250
111616.000000 239.551094
112640.000000 240.493359
113664.000000 241.320391
114688.000000 242.216328
115712.000000 242.985391
116736.000000 243.622187
117760.000000 244.405469
118784.000000 245.192422
119808.000000 245.861094
120832.000000 246.410000
121856.000000 247.154063
122880.000000 247.577109
123904.000000 248.267813
124928.000000 248.873906
125952.000000 249.357656
126976.000000 250.102031
128000.000000 250.461094
129024.000000 251.057969
130048.000000 251.603984
131072.000000 251.964922
132096.000000 252.470391
133120.000000 252.951172
134144.000000 253.395156
135168.000000 253.930234
136192.000000 254.300938
137216.000000 254.793203
138240.000000 255.173047
139264.000000 255.559141
140288.000000 255.989531
141312.000000 256.301328
142336.000000 256.723984
143360.000000 257.197812
144384.000000 257.367266
145408.000000 257.830859
146432.000000 258.071328
147456.000000 258.385859
148480.000000 258.799609
149504.000000 259.050000
150528.000000 259.396562
151552.000000 259.700078
152576.000000 259.947188
153600.000000 260.200156
154624.000000 260.529219
155648.000000 260.761250
156672.000000 261.069219
157696.000000 261.251563
158720.000000 261.422500
159744.000000 261.784766
160768.000000 261.869141
161792.000000 262.039922
162816.000000 262.387891
163840.000000 262.519219
164864.000000 262.897969
165888.000000 263.057422
166912.000000 263.108984
167936.000000 263.395547
168960.000000 263.515000
169984.000000 263.759766
171008.000000 263.957812
172032.000000 264.118203
173056.000000 264.256719
174080.000000 264.600547
175104.000000 264.565156
176128.000000 264.900000
177152.000000 265.104453
178176.000000 265.282188
179200.000000 265.389922
180224.000000 265.589141
181248.000000 265.747344
182272.000000 265.783047
183296.000000 266.059687
184320.000000 266.217187
185344.000000 266.288906
186368.000000 266.517188
187392.000000 266.547344
188416.000000 266.658281
189440.000000 266.718359
190464.000000 266.844531
191488.000000 266.963984
192512.000000 267.071172
193536.000000 267.137578
194560.000000 267.128359
195584.000000 267.236094
196608.000000 267.383125
197632.000000 267.340625
198656.000000 267.500234
199680.000000 267.573047
200704.000000 267.538437
201728.000000 267.579531
202752.000000 267.710547
203776.000000 267.778906
204800.000000 267.831172
205824.000000 267.886172
206848.000000 267.916094
207872.000000 267.955859
208896.000000 268.014453
209920.000000 268.093984
210944.000000 268.138047
211968.000000 268.058594
212992.000000 268.226953
214016.000000 268.309688
215040.000000 268.384687
216064.000000 268.512969
217088.000000 268.539844
218112.000000 268.550234
219136.000000 268.550000
220160.000000 268.483516
221184.000000 268.688438
222208.000000 268.537479
223232.000000 0.000000
224256.000000 0.000000
225280.000000 0.000000
226304.000000 0.000000
227328.000000 0.000000
228352.000000 0.000000
229376.000000 0.000000
230400.000000 0.000000
231424.000000 0.000000
232448.000000 0.000000
233472.000000 0.000000
234496.000000 0.000000
235520.000000 0.000000
236544.000000 0.000000
237568.000000 0.000000
238592.000000 0.000000
239616.000000 0.000000
240640.000000 0.000000
241664.000000 0.000000
242688.000000 0.000000
243712.000000 0.000000
244736.000000 0.000000
245760.000000 0.000000
246784.000000 0.000000
247808.000000 0.000000
248832.000000 0.000000
249856.000000 0.000000
250880.000000 0.000000
251904.000000 0.000000
252928.000000 0.000000
253952.000000 0.000000
254976.000000 0.000000
256000.000000 0.000000
257024.000000 0.000000
258048.000000 0.000000
259072.000000 0.000000
260096.000000 0.000000
