1D 255 -512,000000 260608,000000	[nbin xmin xmax]
"X"	"Function_0"
0,000000	1,774858
1024,000000	3,954931
2048,000000	7,615547
3072,000000	11,078203
4096,000000	14,463906
5120,000000	17,728672
6144,000000	21,171328
7168,000000	24,471641
8192,000000	27,976094
9216,000000	31,034297
10240,000000	35,083750
11264,000000	38,256719
12288,000000	41,649766
13312,000000	44,600703
14336,000000	48,347344
15360,000000	51,585781
16384,000000	54,552031
17408,000000	57,588203
18432,000000	61,055625
19456,000000	64,596250
20480,000000	67,639922
21504,000000	71,023047
22528,000000	73,944141
23552,000000	77,013203
24576,000000	80,085859
25600,000000	83,442344
26624,000000	86,169453
27648,000000	88,819609
28672,000000	92,236719
29696,000000	94,976953
30720,000000	97,863203
31744,000000	100,987734
32768,000000	104,125938
33792,000000	107,381875
34816,000000	109,851953
35840,000000	112,549688
36864,000000	115,286094
37888,000000	118,113438
38912,000000	121,135703
39936,000000	123,570703
40960,000000	126,256875
41984,000000	128,945781
43008,000000	131,541562
44032,000000	134,008203
45056,000000	136,878281
46080,000000	139,152969
47104,000000	141,647969
48128,000000	144,120547
49152,000000	146,468281
50176,000000	148,917422
51200,000000	151,126016
52224,000000	153,559141
53248,000000	155,739766
54272,000000	158,048125
55296,000000	160,462656
56320,000000	162,345234
57344,000000	164,371328
58368,000000	166,499063
59392,000000	168,519922
60416,000000	170,606172
61440,000000	172,814609
62464,000000	174,828516
63488,000000	176,961250
64512,000000	178,858828
65536,000000	181,342109
66560,000000	182,993203
67584,000000	184,901250
68608,000000	186,731641
69632,000000	188,407891
70656,000000	190,271094
71680,000000	192,042656
72704,000000	193,606406
73728,000000	195,367734
74752,000000	196,834844
75776,000000	198,661719
76800,000000	200,171094
77824,000000	201,818828
78848,000000	203,370781
79872,000000	205,025547
80896,000000	206,287578
81920,000000	207,725859
82944,000000	209,648125
83968,000000	211,039375
84992,000000	212,493125
86016,000000	213,762656
87040,000000	214,940469
88064,000000	216,417188
89088,000000	217,551172
90112,000000	218,786797
91136,000000	219,880234
92160,000000	221,227422
93184,000000	222,599219
94208,000000	223,514609
95232,000000	224,813281
96256,000000	225,784609
97280,000000	226,974844
98304,000000	228,120469
99328,000000	229,141016
100352,000000	230,147344
101376,000000	230,945078
102400,000000	231,988906
103424,000000	233,077422
104448,000000	233,833594
105472,000000	234,778047
106496,000000	235,747422
107520,000000	236,599609
108544,000000	237,476641
109568,000000	238,287344
110592,000000	239,154531
111616,000000	240,026094
112640,000000	240,913594
113664,000000	241,808203
114688,000000	242,477734
115712,000000	243,225156
116736,000000	243,895391
117760,000000	244,620703
118784,000000	245,316172
119808,000000	245,899063
120832,000000	246,624141
121856,000000	247,094531
122880,000000	247,806797
123904,000000	248,312187
124928,000000	248,887344
125952,000000	249,453359
126976,000000	249,922812
128000,000000	250,386875
129024,000000	250,970937
130048,000000	251,507266
131072,000000	252,118203
132096,000000	252,530937
133120,000000	253,076328
134144,000000	253,446250
135168,000000	253,936563
136192,000000	254,382656
137216,000000	254,728125
138240,000000	255,134922
139264,000000	255,623047
140288,000000	255,958047
141312,000000	256,304766
142336,000000	256,699688
143360,000000	257,073516
144384,000000	257,418516
145408,000000	257,650391
146432,000000	258,023906
147456,000000	258,380859
148480,000000	258,758672
149504,000000	259,077891
150528,000000	259,414219
151552,000000	259,678750
152576,000000	259,881016
153600,000000	260,151953
154624,000000	260,506094
155648,000000	260,720313
156672,000000	260,853984
157696,000000	261,282266
158720,000000	261,260547
159744,000000	261,549453
160768,000000	261,840156
161792,000000	262,070000
162816,000000	262,352500
163840,000000	262,493594
164864,000000	262,750625
165888,000000	262,917500
166912,000000	263,115469
167936,000000	263,253125
168960,000000	263,300547
169984,000000	263,631875
171008,000000	263,854219
172032,000000	263,911719
173056,000000	264,186953
174080,000000	264,321094
175104,000000	264,505859
176128,000000	264,736172
177152,000000	264,933203
178176,000000	265,250703
179200,000000	265,404766
180224,000000	265,706563
181248,000000	265,899063
182272,000000	265,957500
183296,000000	266,045391
184320,000000	266,243281
185344,000000	266,251797
186368,000000	266,390156
187392,000000	266,485625
188416,000000	266,626406
189440,000000	266,714844
190464,000000	266,681484
191488,000000	266,879219
192512,000000	266,847109
193536,000000	266,944453
194560,000000	266,874922
195584,000000	267,034141
196608,000000	267,195234
197632,000000	267,271563
198656,000000	267,233594
199680,000000	267,401094
200704,000000	267,477813
201728,000000	267,486406
202752,000000	267,541641
203776,000000	267,541406
204800,000000	267,697031
205824,000000	267,871250
206848,000000	267,790859
207872,000000	267,918516
208896,000000	267,842891
209920,000000	267,856406
210944,000000	268,010234
211968,000000	268,046797
212992,000000	268,130234
214016,000000	268,196016
215040,000000	268,217187
216064,000000	268,237188
217088,000000	268,314531
218112,000000	268,313125
219136,000000	268,461875
220160,000000	268,401797
221184,000000	268,531953
222208,000000	268,444088
223232,000000	0,000000
224256,000000	0,000000
225280,000000	0,000000
226304,000000	0,000000
227328,000000	0,000000
228352,000000	0,000000
229376,000000	0,000000
230400,000000	0,000000
231424,000000	0,000000
232448,000000	0,000000
233472,000000	0,000000
234496,000000	0,000000
235520,000000	0,000000
236544,000000	0,000000
237568,000000	0,000000
238592,000000	0,000000
239616,000000	0,000000
240640,000000	0,000000
241664,000000	0,000000
242688,000000	0,000000
243712,000000	0,000000
244736,000000	0,000000
245760,000000	0,000000
246784,000000	0,000000
247808,000000	0,000000
248832,000000	0,000000
249856,000000	0,000000
250880,000000	0,000000
251904,000000	0,000000
252928,000000	0,000000
253952,000000	0,000000
254976,000000	0,000000
256000,000000	0,000000
257024,000000	0,000000
258048,000000	0,000000
259072,000000	0,000000
260096,000000	0,000000
