# Signal je Kanal
-1.117951
-0.568873
-0.575382
-0.806245
-0.454660
-0.484761
-0.324020
-0.464267
-0.422576
-0.624813
-0.578408
-0.587084
-0.441356
-0.473272
-0.605767
-0.492653
-0.530688
-0.489215
-0.677952
-0.669530
-0.362654
-0.338388
-0.583949
-0.583082
-0.295866
-0.169405
-0.490514
-0.430601
-0.425000
-0.364420
-0.525338
-0.600928
-0.116045
-0.309990
0.007595
-0.307610
-0.251824
-0.057902
-0.517290
-0.108010
-0.099794
-0.247441
-0.131185
-0.178216
-0.062146
-0.025988
-0.251956
-0.231510
-0.499775
3.911743
10.265015
-0.489920
-0.322139
-0.171489
-0.004956
-0.088543
-0.104887
0.074409
-0.041877
-0.055596
0.132396
0.125942
0.130472
-0.009779
-0.107371
-0.011863
-0.150784
-0.029985
0.341294
0.076473
0.219082
-0.021197
0.116431
0.228380
0.108776
0.160294
0.027802
0.121771
0.268827
0.096925
0.274758
0.108352
0.172342
0.269202
0.365332
-0.064650
0.143138
0.233855
0.313217
0.393113
0.172205
0.125311
0.334524
0.304224
0.159884
0.397838
-0.002977
0.100716
0.179170
0.154343
0.403475
0.119197
0.346728
0.111732
0.171038
0.273440
-0.004789
0.151842
0.134179
-0.062458
0.097349
-0.015193
0.180335
0.205966
0.015254
0.070255
0.220225
-0.156285
0.027091
-0.115773
0.177178
-0.031797
0.150336
-0.130517
-0.141391
0.010035
-0.273030
-0.577689
