# Signal je Kanal
-0.027881
-0.283907
-0.487222
-0.366583
-0.517323
-0.500479
-0.526686
-0.344159
-0.500247
-0.449689
-0.434216
-0.442939
-0.457002
-0.536962
-0.443650
-0.439327
-0.315619
-0.526878
-0.489979
-0.520525
-0.302437
-0.362008
-0.523718
-0.423094
-0.514303
-0.422991
-0.354287
-0.230611
-0.301812
-0.305137
-0.428060
-0.343904
-0.269375
-0.169712
-0.200664
-0.127358
-0.446273
-0.090340
-0.344029
-0.041372
-0.130137
-0.116924
-0.039710
0.147149
0.089390
0.042744
0.094432
0.124191
0.540235
3.742900
154.803481
7.349634
0.497460
0.316154
0.060678
0.143060
-0.187152
0.559304
-0.249461
0.284092
0.140441
0.036699
0.039420
0.213910
0.075292
-0.088122
-0.045295
0.150544
0.211357
-0.000623
0.148010
0.023475
0.046354
-0.111582
0.126555
0.193033
-0.026395
0.028533
0.089853
0.074764
0.141722
-0.200727
0.116273
0.092178
0.137328
-0.032944
0.021945
0.170787
0.171191
0.111328
-0.048716
0.048247
0.077506
0.108222
0.151757
0.131983
-0.007342
0.051638
0.108016
0.053193
0.101801
-0.104853
0.191809
-0.054439
0.111870
0.030421
-0.040107
-0.012191
0.051040
0.018215
-0.000796
0.081419
-0.115821
0.042884
0.013988
-0.157939
0.066075
-0.191778
-0.111110
-0.123103
-0.016822
-0.158940
-0.147806
-0.287774
-0.227646
-0.216115
-0.165495
0.238143
