# Signal je Kanal
-0.977719
-0.522504
-0.531274
-0.698249
-0.485537
-0.695436
-0.481849
-0.511057
-0.554333
-0.669618
-0.558238
-0.551090
-0.476164
-0.675979
-0.558678
-0.462364
-0.638445
-0.676943
-0.570982
-0.668391
-0.462316
-0.414999
-0.621924
-0.632884
-0.728258
-0.574878
-0.291486
-0.575224
-0.356903
-0.482073
-0.473352
-0.465963
-0.222649
-0.415518
-0.262819
-0.348193
-0.448477
-0.332242
-0.423146
-0.171422
-0.294028
-0.097183
-0.187619
0.011187
-0.056593
-0.009278
-0.171503
-0.132900
0.267527
18.647004
79.061884
2.461062
-0.210030
-0.032740
-0.204032
-0.107805
-0.242399
0.211481
-0.213445
-0.068879
0.129122
0.115448
-0.120642
-0.073109
-0.019856
-0.156252
-0.148314
-0.127387
0.244153
-0.096778
0.123930
-0.081581
-0.019714
-0.076787
0.012504
0.152913
-0.003644
-0.138463
0.138527
0.000601
0.082732
0.032885
0.158009
0.063062
0.156197
-0.171070
-0.231991
0.083508
0.188128
0.340858
0.049795
0.014010
0.121472
-0.015845
-0.002327
0.164684
-0.117253
0.220300
-0.062030
0.106892
0.367348
-0.008235
0.197587
0.000302
0.107817
0.186092
-0.164077
-0.025515
0.214616
0.030968
0.128884
0.067339
-0.107979
0.221542
-0.046060
0.025820
0.155922
-0.118885
-0.005332
-0.038436
0.040804
-0.068278
0.002888
-0.179027
-0.114956
-0.163386
-0.399433
-0.245285
