# Signal je Kanal
-0.165372
-0.201670
-0.487101
-0.424113
-0.488227
-0.453273
-0.501444
-0.331851
-0.374191
-0.413616
-0.409092
-0.454782
-0.403903
-0.566785
-0.578370
-0.389214
-0.523261
-0.411763
-0.425837
-0.419409
-0.364323
-0.220892
-0.459708
-0.392947
-0.353342
-0.303840
-0.270995
-0.259185
-0.532421
-0.436759
-0.366892
-0.477633
-0.183379
-0.284362
-0.194606
-0.027088
-0.341293
-0.111116
-0.213999
0.040795
-0.079010
-0.018939
-0.094455
0.147419
0.140606
0.041914
-0.018179
0.227397
0.527539
3.314330
155.283511
7.265253
0.563782
0.361368
0.218943
0.185144
-0.216856
0.707144
-0.357958
0.162229
0.304272
-0.032014
0.052494
0.112122
0.027448
-0.113966
-0.121969
-0.045064
0.325423
0.082281
0.153264
-0.068269
0.051363
-0.010515
0.039988
0.272202
-0.002273
-0.009328
0.025121
0.021952
0.088032
-0.066590
0.082382
-0.020567
0.070649
-0.085764
-0.045971
-0.041880
0.165401
0.131445
0.013245
0.040347
-0.020115
0.048416
0.057924
0.175014
-0.024068
0.036786
-0.087725
0.113222
0.253683
-0.062833
0.142904
-0.122195
-0.027830
0.146535
0.007046
0.148747
-0.041881
0.068353
0.012208
0.224483
-0.281386
0.079948
-0.077726
-0.198627
-0.020687
-0.219679
-0.122929
-0.175001
0.020141
-0.111899
-0.005820
-0.143759
-0.103662
-0.138147
0.005478
0.149410
