# Signal je Kanal
-0.013177
-0.224316
-0.355638
-0.255791
-0.391672
-0.461814
-0.442876
-0.469171
-0.452513
-0.445123
-0.285722
-0.572047
-0.201531
-0.522290
-0.437872
-0.325699
-0.407729
-0.372351
-0.482225
-0.411792
-0.332643
-0.273457
-0.550037
-0.544138
-0.310765
-0.447031
-0.288541
-0.345612
-0.350038
-0.299326
-0.481289
-0.483051
-0.242503
-0.207815
-0.113987
-0.088614
-0.248661
-0.107413
-0.233222
0.022404
-0.107388
-0.039318
-0.131820
0.068081
-0.006462
0.089423
0.059301
0.073807
0.435459
3.166777
155.149529
7.210918
0.583939
0.405593
0.075531
0.211635
-0.250370
0.595922
-0.331479
0.324677
0.117255
-0.096187
-0.053648
0.106695
0.081137
-0.005408
-0.061240
0.073520
0.301054
-0.061828
0.175786
-0.010689
-0.042749
-0.079795
0.047481
0.168948
0.026415
-0.009545
0.066623
0.065470
0.071734
-0.067944
0.142202
0.063925
0.166333
-0.155106
-0.056101
0.032692
0.137179
0.251987
0.000051
-0.009914
0.105378
-0.046817
0.183479
0.057802
0.004480
0.193339
0.001992
0.015036
0.232362
-0.023193
0.109540
-0.043544
0.061664
0.199171
-0.058205
0.020491
-0.095967
0.036010
-0.075000
0.049197
-0.197892
-0.011120
0.158523
-0.132015
0.014916
-0.245761
-0.071319
-0.111402
0.019024
-0.067341
-0.053062
-0.220176
-0.149983
-0.162451
-0.072760
0.012144
