# Signal je Kanal
-0.201384
-0.288864
-0.347540
-0.555451
-0.447557
-0.464524
-0.511782
-0.343254
-0.454375
-0.438822
-0.280566
-0.604084
-0.418245
-0.457130
-0.502761
-0.313606
-0.435793
-0.411140
-0.445147
-0.366835
-0.422543
-0.180288
-0.469914
-0.489118
-0.314756
-0.389933
-0.262468
-0.329472
-0.389781
-0.413203
-0.403275
-0.412912
-0.097676
-0.155813
-0.171912
-0.122257
-0.290588
-0.116453
-0.318242
0.018481
0.005471
0.058812
-0.042774
0.110140
0.107253
0.141511
0.028299
0.091843
0.399232
3.037866
155.216717
7.161061
0.445117
0.402897
0.181591
0.151970
-0.274328
0.561999
-0.366118
0.243818
0.117098
-0.054390
0.183120
0.016876
0.082087
-0.111366
-0.098354
0.060501
0.366031
0.091060
0.202727
-0.006712
0.069043
-0.042832
0.073373
0.187930
0.084311
-0.051567
-0.009302
0.143431
0.126421
-0.139849
0.230026
-0.004893
0.131270
-0.049197
0.089708
0.105645
0.072096
0.118079
0.090866
0.018071
0.129453
0.004996
-0.028134
0.208643
0.000598
0.053335
0.136705
-0.087919
0.200461
0.008720
0.132553
-0.025729
0.031761
-0.005740
-0.050186
0.025578
-0.017233
-0.013942
-0.090054
0.045328
-0.038055
0.001780
0.007736
-0.080056
0.020965
-0.125028
-0.053385
-0.148171
-0.044149
-0.035455
-0.210006
-0.236067
-0.094072
-0.260400
-0.040986
0.160195
