# Signal je Kanal
-0.126542
-0.286049
-0.451414
-0.526562
-0.426706
-0.463883
-0.530932
-0.333352
-0.491576
-0.330975
-0.342630
-0.493393
-0.431371
-0.530297
-0.560764
-0.354699
-0.454872
-0.399242
-0.507211
-0.520787
-0.434469
-0.356286
-0.491095
-0.461244
-0.451736
-0.373249
-0.229623
-0.308719
-0.360075
-0.293380
-0.379466
-0.438158
-0.147838
-0.236848
-0.174948
-0.103478
-0.269861
-0.124593
-0.277468
0.089273
-0.000618
-0.086160
-0.136920
0.138948
0.174192
-0.049442
0.096272
0.199586
0.351281
2.985966
155.377405
7.186931
0.542972
0.503709
0.132466
0.149723
-0.276519
0.695820
-0.370513
0.242801
0.140007
-0.013652
0.032039
0.094616
0.031008
-0.092419
0.019462
0.046401
0.264032
0.005049
0.169694
0.077140
0.004826
-0.067994
0.174185
0.119721
-0.073648
-0.029783
0.117459
0.121316
0.185359
-0.089245
0.166004
0.134826
0.163106
-0.071281
-0.096289
0.047496
0.246762
0.139896
-0.015347
0.103712
0.089146
-0.054009
0.150412
0.195552
0.006480
0.109093
0.047921
0.086783
0.274310
-0.010444
0.164476
-0.132689
-0.057237
0.054115
-0.099336
0.020390
0.080649
0.013829
-0.060154
0.147095
-0.099056
0.006648
0.030526
-0.154161
0.103779
-0.192155
-0.039454
-0.161442
-0.003209
-0.143450
-0.079091
-0.189253
-0.201119
-0.146648
-0.120835
0.214108
