# Signal je Kanal
0.003846
-0.290119
-0.304776
-0.433727
-0.414818
-0.497858
-0.515088
-0.350475
-0.465624
-0.264212
-0.383711
-0.612219
-0.402420
-0.478461
-0.348042
-0.304796
-0.504830
-0.333474
-0.484332
-0.505880
-0.282865
-0.313363
-0.450184
-0.437325
-0.422812
-0.445120
-0.245727
-0.392510
-0.407084
-0.286493
-0.378633
-0.464158
-0.221898
-0.181010
-0.122171
-0.059616
-0.451622
-0.154639
-0.335432
0.084142
-0.121492
0.045485
-0.138020
0.083889
0.178008
0.126153
0.180042
0.129682
0.510764
2.900170
155.106193
7.130863
0.579064
0.475614
0.163323
0.107602
-0.199665
0.636650
-0.360676
0.299489
0.222781
-0.130578
0.070998
0.103489
0.120705
-0.032600
0.020210
0.066214
0.264888
0.107817
0.165622
0.038085
-0.113005
-0.066134
0.077151
-0.010172
0.052050
-0.102822
0.083504
0.018394
0.114322
-0.191221
0.259696
0.092755
0.175879
-0.033454
-0.062599
0.057474
0.081942
0.132881
-0.136186
-0.017097
-0.020830
0.012021
0.122242
0.114557
0.070216
-0.011762
0.223429
-0.024271
0.308948
-0.167345
0.168371
-0.061871
0.100377
0.058054
-0.037526
0.019287
0.019608
-0.034006
-0.057177
0.053097
-0.066297
0.085645
-0.109381
-0.036398
0.040748
-0.303135
-0.007676
-0.110709
0.036555
-0.161427
-0.052271
-0.192290
-0.184292
-0.236527
-0.049120
0.192781
