# Signal je Kanal
-0.047244
-0.241678
-0.461177
-0.486125
-0.420406
-0.272668
-0.480584
-0.396872
-0.361332
-0.353728
-0.391223
-0.547760
-0.397051
-0.373103
-0.421589
-0.304475
-0.540188
-0.378047
-0.492821
-0.533380
-0.479034
-0.273009
-0.381869
-0.472809
-0.439431
-0.278912
-0.257295
-0.300156
-0.276644
-0.362920
-0.346139
-0.326740
-0.143481
-0.199464
-0.217574
0.008752
-0.333383
-0.140104
-0.284061
0.086560
-0.160058
0.027973
-0.031518
0.113446
0.037650
0.135699
0.004688
0.145044
0.375696
2.718485
155.122767
7.101644
0.492350
0.429033
0.202703
0.222096
-0.141232
0.547301
-0.095267
0.183255
0.156318
-0.043046
0.169279
0.151080
0.116287
-0.133024
-0.048126
0.045896
0.231421
0.070285
0.098157
-0.031357
0.034365
-0.013684
0.030787
0.133320
0.034575
-0.042230
0.061930
0.021881
-0.016003
0.021044
0.211225
0.100269
0.173467
-0.061880
-0.013877
0.130935
0.107400
0.160263
0.049085
0.122168
0.192550
-0.057500
0.263738
0.085089
0.047771
0.040634
-0.037699
-0.034609
0.251535
-0.117865
0.079993
-0.129275
0.053074
0.009541
0.026945
0.078709
-0.093736
0.033271
-0.120628
0.050629
-0.138656
0.078942
-0.055855
0.008964
0.010307
-0.242584
-0.087100
0.039754
-0.078777
-0.191990
-0.232623
-0.186942
-0.164789
-0.236129
-0.254408
0.091686
