# Signal je Kanal
-0.128890
-0.239189
-0.345883
-0.425834
-0.418969
-0.461023
-0.575055
-0.366481
-0.422735
-0.456180
-0.361818
-0.600310
-0.374611
-0.434662
-0.458278
-0.328991
-0.574952
-0.425475
-0.556284
-0.481921
-0.334831
-0.357374
-0.504273
-0.440402
-0.446853
-0.456206
-0.181878
-0.265810
-0.351391
-0.295710
-0.420594
-0.513278
-0.326802
-0.192177
-0.149227
-0.050679
-0.327874
-0.139716
-0.174631
-0.014847
-0.041716
-0.060431
-0.082113
0.039929
0.164983
-0.027729
0.061927
0.169532
0.301167
2.710474
155.045733
6.976095
0.512805
0.344572
0.123350
0.254515
-0.156837
0.529876
-0.254807
0.198527
0.221826
0.001250
0.083787
0.055483
-0.000235
-0.005768
-0.080761
0.127028
0.148028
-0.002150
0.146523
0.153775
0.047766
-0.041146
-0.017842
0.266675
0.032011
-0.060840
0.054282
0.077182
0.096240
-0.007384
0.194617
0.126539
0.088894
-0.160425
-0.142407
0.089173
0.123787
0.159693
0.011594
0.134557
0.149904
0.024767
0.159158
0.151475
0.072139
0.109959
0.035441
-0.016158
0.247101
-0.037494
0.125308
0.010926
0.073323
0.100975
0.017411
0.035323
0.081405
0.102661
0.085588
0.093139
-0.006544
0.061406
0.117289
-0.044614
0.029610
-0.249196
0.049161
-0.205643
-0.013396
-0.089636
-0.147157
-0.262313
-0.172248
-0.155722
-0.069013
0.231866
