# Signal je Kanal
0.068202
-0.105906
-0.403284
-0.379443
-0.416314
-0.397643
-0.495598
-0.432942
-0.455272
-0.335784
-0.444243
-0.570813
-0.430947
-0.394150
-0.416719
-0.319318
-0.375628
-0.353041
-0.645750
-0.340579
-0.413201
-0.306975
-0.502744
-0.409089
-0.500390
-0.460756
-0.278274
-0.346396
-0.527510
-0.212276
-0.554946
-0.380885
-0.241420
-0.247745
-0.227678
-0.036309
-0.352335
-0.159296
-0.188103
-0.098351
-0.020273
-0.013143
-0.181587
0.099243
0.047523
0.091773
0.019526
0.150248
0.324665
2.737662
154.892073
6.964859
0.551584
0.482925
0.134579
0.177897
-0.284112
0.559134
-0.207330
0.259138
0.136237
0.059682
0.005275
0.138913
0.111262
-0.109127
0.118569
-0.047177
0.286188
0.071192
0.211932
0.001384
-0.067641
-0.026754
0.041683
0.143120
-0.020429
-0.065469
0.006863
-0.009212
0.106817
-0.124724
0.259185
0.032204
0.178314
0.017927
-0.025035
0.015940
0.070384
0.192107
-0.059748
-0.018816
-0.082360
0.153063
0.083809
0.214803
0.035853
0.106507
0.028090
0.014137
0.263412
0.019942
0.103835
-0.034383
0.045930
0.135356
0.042947
0.084717
0.003023
0.051134
-0.118700
0.173439
-0.103783
-0.049019
0.078890
-0.103883
0.046138
-0.175746
-0.137201
0.074755
0.027098
-0.156032
-0.137769
-0.106915
-0.027861
-0.181177
-0.172500
0.364963
