# Signal je Kanal
-0.006615
-0.230144
-0.322741
-0.396700
-0.505746
-0.586645
-0.436059
-0.379276
-0.474727
-0.534964
-0.337693
-0.678131
-0.357426
-0.285491
-0.486066
-0.369764
-0.436945
-0.422388
-0.497307
-0.582744
-0.447598
-0.406244
-0.604975
-0.496326
-0.400838
-0.347324
-0.228606
-0.378569
-0.515005
-0.364437
-0.481330
-0.522104
-0.338729
-0.227912
-0.176890
-0.040643
-0.265782
-0.064603
-0.124598
-0.056625
-0.136451
0.025598
-0.076074
0.036061
0.161149
0.027397
0.056136
0.152677
0.369113
2.609140
155.100524
7.028940
0.493889
0.229837
0.220387
0.262731
-0.110674
0.549832
-0.258409
0.250726
0.163915
-0.091438
0.092926
0.209536
0.010986
-0.066465
-0.017578
-0.021589
0.234922
0.157899
0.217584
0.047195
0.112860
-0.052102
0.086294
0.203677
-0.016822
-0.061674
0.074507
0.071427
0.298196
0.075713
0.160885
0.157763
0.128118
-0.002373
-0.113271
0.150362
0.067940
0.101950
0.053597
0.087705
0.128357
0.093870
0.129385
0.180573
0.084395
0.032266
0.112756
-0.029052
0.166299
-0.100291
0.110457
-0.134723
0.200487
0.253974
-0.017351
0.018360
-0.036263
0.107732
-0.054213
-0.012845
-0.117067
0.073610
0.072698
-0.062304
0.163600
-0.117110
-0.081407
-0.099452
0.047760
-0.223416
-0.157187
-0.184263
-0.065249
-0.235558
-0.175876
0.329080
