# Signal je Kanal
0.074312
-0.304770
-0.480168
-0.418531
-0.509397
-0.358695
-0.523676
-0.297121
-0.575222
-0.433787
-0.417193
-0.511108
-0.359200
-0.404142
-0.551668
-0.360443
-0.535463
-0.478980
-0.546872
-0.500409
-0.401382
-0.296953
-0.419927
-0.529968
-0.449371
-0.469838
-0.203407
-0.288417
-0.467691
-0.390151
-0.321289
-0.469816
-0.279323
-0.212587
-0.042870
-0.138246
-0.344366
-0.080340
-0.288181
0.063493
-0.066166
-0.060912
-0.207495
0.118254
0.145410
0.065718
0.027449
0.197809
0.384396
2.721628
154.971182
7.006401
0.471169
0.354045
0.195681
0.251926
-0.165444
0.526175
-0.121507
0.255992
0.178123
0.029640
0.043399
0.161723
0.102158
-0.029301
-0.033344
0.031670
0.148509
0.134163
0.128032
0.087344
0.053219
-0.134644
0.122492
0.053245
-0.041388
-0.001501
0.112631
0.103718
0.087728
-0.043979
0.159241
0.077046
0.176308
-0.033075
-0.037935
0.050800
0.105153
0.173107
-0.099776
-0.015874
0.253392
0.063126
0.097575
0.144956
0.086590
0.108418
0.146995
0.049017
0.213522
-0.079939
0.119744
-0.074451
0.105791
0.141223
0.052760
0.011664
0.014937
-0.012865
-0.085902
-0.022484
-0.071795
0.138692
0.128804
-0.064035
-0.054823
-0.158751
0.020700
-0.035345
0.079887
-0.183025
-0.202865
-0.173054
-0.154815
-0.211348
-0.121566
0.303246
