# Signal je Kanal
-0.777622
-0.755191
-0.693066
-0.652177
-0.605325
-0.686356
-0.631607
-0.565997
-0.623230
-0.786386
-0.678151
-0.604036
-0.592035
-0.723814
-0.593595
-0.535329
-0.574419
-0.675780
-0.733940
-0.661277
-0.615214
-0.660771
-0.710724
-0.673799
-0.570491
-0.560873
-0.482199
-0.582195
-0.619731
-0.497897
-0.563253
-0.661647
-0.240561
-0.379567
-0.360663
-0.440912
-0.490337
-0.217301
-0.305089
-0.112503
-0.258055
-0.325774
-0.292604
-0.113580
0.083358
-0.130191
-0.088499
-0.034954
1.513138
23.632362
99.742031
4.882274
0.327365
0.002422
-0.089136
-0.178673
-0.284390
0.378265
-0.547977
-0.002789
0.188077
-0.007264
0.039170
-0.065983
0.039195
-0.195188
-0.023192
-0.048412
0.063459
-0.096681
0.004110
-0.138477
0.005076
-0.139678
-0.013459
0.006192
-0.044545
-0.104467
-0.063233
-0.143243
0.116625
-0.127935
0.174200
-0.138757
0.146330
-0.202893
-0.095048
-0.020273
0.130072
0.076223
0.017901
-0.015966
-0.031590
-0.048669
-0.038233
-0.032915
-0.192151
0.058466
-0.011011
-0.102785
0.058685
-0.188874
-0.082138
-0.087502
-0.140004
-0.000549
-0.126024
-0.139181
-0.032051
-0.090777
-0.177893
-0.202231
-0.261726
0.040684
-0.243807
-0.128049
-0.170737
-0.221794
-0.165253
-0.280932
0.031951
-0.236148
-0.257793
-0.405747
-0.257701
-0.315220
-0.186687
-0.233068
