# Signal je Kanal
-0.740559
-0.649235
-0.652877
-0.798726
-0.626098
-0.634291
-0.769235
-0.672745
-0.649020
-0.601499
-0.564924
-0.611849
-0.562653
-0.654830
-0.621407
-0.521168
-0.616228
-0.601692
-0.739590
-0.747081
-0.622944
-0.544672
-0.609691
-0.752674
-0.556134
-0.740498
-0.537972
-0.709885
-0.589403
-0.558742
-0.526036
-0.619610
-0.384237
-0.482243
-0.368360
-0.467756
-0.543998
-0.370914
-0.466791
-0.196117
-0.273945
-0.253691
-0.334331
-0.210333
-0.213219
-0.100042
-0.166200
0.155959
2.149793
26.087517
111.104108
6.493090
0.518387
0.229299
-0.200902
-0.066570
-0.247213
0.479382
-0.691776
0.127328
0.153274
-0.233013
-0.044624
0.012088
-0.055559
-0.235862
-0.305908
-0.190968
0.032686
-0.074655
-0.043697
-0.184262
-0.047666
-0.202487
-0.104181
-0.128466
-0.152209
-0.232102
-0.054001
-0.084046
-0.070043
-0.288537
-0.025536
-0.101581
-0.132222
-0.162925
-0.214778
-0.032064
-0.068482
0.032508
-0.041799
-0.041750
-0.176077
-0.098638
-0.035954
-0.021902
-0.269923
-0.028179
-0.125741
-0.151554
0.122771
-0.174750
0.024942
-0.238179
-0.127819
-0.163141
-0.253816
-0.098105
-0.122878
-0.147554
-0.143703
-0.192184
-0.352548
-0.145911
-0.167622
-0.322702
-0.204553
-0.429475
-0.239931
-0.237980
-0.094749
-0.170943
-0.340444
-0.315769
-0.242657
-0.277058
-0.258335
-0.252220
