# Signal je Kanal
-0.568868
-0.478491
-0.639011
-0.680139
-0.523260
-0.703248
-0.658458
-0.552753
-0.637095
-0.590420
-0.609960
-0.620785
-0.488981
-0.707809
-0.671503
-0.399343
-0.693222
-0.598746
-0.673705
-0.629332
-0.505187
-0.464859
-0.622643
-0.741626
-0.637218
-0.551637
-0.457018
-0.618963
-0.520506
-0.612706
-0.545938
-0.645563
-0.409141
-0.601177
-0.417396
-0.335927
-0.520067
-0.403922
-0.392933
-0.240030
-0.307828
-0.376639
-0.361333
-0.172324
-0.130145
-0.029275
-0.155198
0.230986
2.356479
25.836563
119.776640
7.325211
0.688153
0.159443
-0.233836
-0.202520
-0.312198
0.301636
-0.527004
0.141208
-0.063510
-0.234952
-0.231375
-0.067868
-0.057631
-0.269939
-0.285871
-0.118092
-0.069273
-0.195491
-0.065705
-0.305077
-0.164525
-0.297404
-0.069113
-0.099568
-0.188297
-0.336042
-0.134893
-0.151946
-0.018005
-0.216654
0.021417
-0.143492
-0.113268
-0.248779
-0.249807
-0.041064
0.015520
-0.115480
-0.092787
-0.179522
-0.210083
-0.220547
-0.059987
-0.126683
-0.039176
-0.112203
-0.139705
-0.254403
-0.111976
-0.262673
-0.044957
-0.169361
-0.141947
-0.131342
-0.124011
-0.101126
-0.195652
-0.203544
-0.172683
-0.088214
-0.310515
-0.148914
-0.208733
-0.219850
-0.169523
-0.389485
-0.364798
-0.190102
-0.138751
-0.267946
-0.301533
-0.283794
-0.265709
-0.312031
-0.278387
-0.312981
