# Signal je Kanal
-0.518926
-0.479883
-0.681206
-0.536611
-0.650349
-0.530809
-0.651573
-0.502139
-0.616336
-0.641864
-0.565378
-0.616005
-0.560112
-0.657162
-0.625705
-0.507500
-0.615640
-0.521258
-0.682917
-0.679586
-0.720158
-0.437103
-0.684869
-0.724972
-0.583705
-0.619928
-0.312382
-0.462543
-0.578602
-0.462203
-0.446289
-0.631762
-0.451331
-0.396717
-0.453605
-0.247417
-0.608315
-0.317374
-0.456173
-0.096591
-0.245341
-0.319864
-0.283619
-0.089692
-0.095568
-0.080342
-0.039738
0.315412
2.291303
21.938964
129.464479
7.877775
0.756174
0.339569
0.072364
-0.090047
-0.131502
0.317978
-0.447084
-0.007112
-0.001740
-0.164051
-0.106809
-0.027234
-0.096800
-0.255175
-0.206276
-0.144397
0.063417
-0.236709
0.065960
-0.169529
-0.182689
-0.183684
0.092406
-0.029762
-0.155417
-0.280364
-0.000164
-0.098278
0.036680
-0.166739
-0.099627
-0.108756
-0.027518
-0.185100
-0.348002
-0.061165
-0.013667
0.020428
-0.168803
-0.098850
-0.044374
-0.113773
-0.112245
-0.096901
-0.162334
-0.044317
-0.211900
-0.211583
0.007840
-0.261829
-0.078048
-0.211343
-0.116965
-0.082416
-0.203154
-0.148282
-0.285585
-0.108779
-0.275548
-0.134405
-0.232759
-0.193811
-0.123053
-0.200847
-0.202595
-0.507451
-0.220066
-0.336989
-0.243759
-0.232064
-0.361548
-0.305919
-0.283762
-0.380137
-0.263837
-0.223687
