# Signal je Kanal
-0.366860
-0.485236
-0.623760
-0.533022
-0.747770
-0.562260
-0.696195
-0.543673
-0.485037
-0.680293
-0.493025
-0.628572
-0.635461
-0.472826
-0.601339
-0.441076
-0.525127
-0.565561
-0.733517
-0.526119
-0.633926
-0.382671
-0.598408
-0.630535
-0.601935
-0.532575
-0.384978
-0.522931
-0.503369
-0.586613
-0.519875
-0.585452
-0.365100
-0.245430
-0.348343
-0.256836
-0.495032
-0.285943
-0.342757
-0.138080
-0.256846
-0.166620
-0.211353
-0.012291
-0.055175
0.015855
-0.124219
0.321065
1.855506
15.531957
140.157314
8.208972
0.694493
0.294364
0.074090
0.026398
-0.171129
0.464516
-0.389986
0.177302
0.093491
-0.272785
-0.045488
-0.019718
0.050492
-0.076981
-0.160908
-0.010126
0.138693
-0.078412
0.030263
-0.060123
0.048359
-0.243361
-0.022089
0.008394
-0.066089
-0.160138
-0.072838
0.080852
-0.058941
-0.123634
0.036514
0.010392
0.091525
-0.268622
-0.135830
-0.003966
0.055508
0.037522
-0.084707
-0.060587
-0.041165
0.001337
0.068968
0.017190
-0.050024
-0.117156
-0.066836
-0.158394
0.110831
-0.129751
0.179888
-0.210123
-0.111713
-0.019211
-0.222809
-0.085054
-0.023776
-0.031515
-0.072661
-0.093223
-0.188534
-0.010835
-0.143718
-0.207581
-0.070568
-0.252498
-0.225933
-0.342868
-0.188532
-0.289745
-0.163643
-0.404553
-0.302506
-0.237065
-0.309214
-0.233058
