# Signal je Kanal
-0.446026
-0.332631
-0.489128
-0.475145
-0.483416
-0.475369
-0.624452
-0.459851
-0.456064
-0.403751
-0.474041
-0.525810
-0.390079
-0.559695
-0.382628
-0.320303
-0.481299
-0.468837
-0.551848
-0.552209
-0.496191
-0.315829
-0.466701
-0.462869
-0.438362
-0.355787
-0.334091
-0.235356
-0.431533
-0.361046
-0.513905
-0.458692
-0.324238
-0.256326
-0.261520
-0.123088
-0.362245
-0.199083
-0.325860
-0.021271
-0.085102
-0.146744
-0.207356
0.001556
0.028672
-0.071963
0.064567
0.187356
1.184360
10.050100
147.653747
8.038724
0.738459
0.384214
0.081995
-0.024616
-0.237962
0.438473
-0.482863
0.075413
0.110475
-0.142099
0.100421
0.016139
-0.061403
-0.122866
-0.199932
-0.069992
0.152585
0.009426
0.121174
-0.024290
-0.030411
-0.173498
-0.022151
-0.001572
-0.093179
-0.183120
0.126860
0.025041
0.037900
-0.237463
0.076438
0.011434
-0.007241
-0.137882
-0.307584
0.076972
0.128421
0.142365
-0.064679
0.085254
-0.075143
0.140353
-0.044879
0.070147
-0.098968
0.044619
-0.061693
-0.157540
0.012940
-0.193657
0.099119
-0.142260
-0.096842
0.032626
-0.134918
-0.053074
-0.050697
0.115297
-0.045618
-0.007330
-0.243467
0.193931
-0.124786
-0.124794
-0.021640
-0.362368
-0.166977
-0.295972
-0.128741
-0.125030
-0.174540
-0.200887
-0.309561
-0.174054
-0.231417
-0.124412
