# Signal je Kanal
-0.081701
-0.203403
-0.350777
-0.428025
-0.326838
-0.500825
-0.471792
-0.409381
-0.447570
-0.459199
-0.455704
-0.453400
-0.223610
-0.478335
-0.491083
-0.294939
-0.356988
-0.346442
-0.544359
-0.370094
-0.467508
-0.251408
-0.397315
-0.424419
-0.298755
-0.457881
-0.282807
-0.345712
-0.371074
-0.339405
-0.456527
-0.432293
-0.228644
-0.299906
-0.218766
-0.098722
-0.375548
-0.193420
-0.216703
-0.023798
-0.133456
-0.022508
-0.172870
0.166666
0.054080
-0.039596
-0.058996
0.203229
0.711918
5.910061
152.266683
7.666838
0.723897
0.394179
0.201237
0.131553
-0.232460
0.573389
-0.381175
0.207489
0.131933
-0.050351
-0.060801
0.127478
0.096722
-0.107375
-0.057624
-0.045595
0.272109
0.034996
0.067857
0.111054
-0.063868
-0.136623
0.079319
0.023995
0.091171
-0.115465
0.068701
-0.013463
0.042670
-0.141885
0.111979
0.007138
-0.004529
-0.100275
-0.171000
0.016711
0.109139
0.129174
-0.092953
-0.008026
0.010587
-0.113650
0.068540
0.046991
-0.018560
-0.014663
-0.175891
0.026030
0.138548
-0.121039
0.068757
-0.101538
0.041743
0.131261
-0.162232
-0.057392
-0.037111
0.049772
-0.103948
-0.032786
-0.161738
0.057725
-0.055256
-0.038162
-0.007922
-0.233959
-0.201249
-0.246354
-0.000063
-0.130326
-0.216742
-0.235138
-0.201068
-0.271269
-0.144028
0.051508
