# Signal je Kanal
-0.189938
-0.146578
-0.409922
-0.458042
-0.469204
-0.447437
-0.549283
-0.398764
-0.450076
-0.411614
-0.372004
-0.531869
-0.404802
-0.471611
-0.425486
-0.242326
-0.426282
-0.477701
-0.484695
-0.422412
-0.323194
-0.249935
-0.574616
-0.413800
-0.386229
-0.440533
-0.335949
-0.329134
-0.396596
-0.332868
-0.523873
-0.461642
-0.272280
-0.195385
-0.246380
-0.184826
-0.410983
-0.175901
-0.323660
-0.037190
0.009907
-0.154560
-0.052392
0.030559
-0.003096
0.164796
-0.028176
0.146213
0.507534
4.433778
154.104224
7.371196
0.659321
0.325192
0.163044
0.156423
-0.210944
0.647333
-0.300929
0.142404
0.161478
-0.067009
0.072571
0.045323
0.040440
-0.094899
-0.088916
-0.061028
0.200617
0.013642
0.191275
-0.006217
0.157450
-0.033463
0.069849
0.049556
-0.039200
-0.056165
0.007111
0.018023
0.220059
-0.104412
0.091531
0.092484
0.094678
-0.087682
-0.065819
-0.059753
0.224321
0.130425
-0.094527
0.026445
0.172762
0.049520
0.065056
0.050314
0.048004
0.141655
-0.002588
-0.060524
0.274718
-0.120716
0.147985
-0.103240
0.154203
0.001914
-0.008855
-0.096943
-0.044731
-0.043421
0.005334
0.052674
-0.163491
0.029164
0.063226
-0.040749
0.070486
-0.124486
-0.016999
-0.147893
-0.072577
-0.079026
-0.157566
-0.120763
-0.100549
-0.156087
-0.091440
0.174835
