# Anzahl der Hits pro Kanal (0 bis 127)
4512.000000
6136.000000
6904.000000
7017.000000
6742.000000
6709.000000
6712.000000
6768.000000
6928.000000
7029.000000
7231.000000
7461.000000
7784.000000
7851.000000
8322.000000
8754.000000
8797.000000
9335.000000
9593.000000
10168.000000
10471.000000
10668.000000
10956.000000
11492.000000
11686.000000
12099.000000
12342.000000
12650.000000
13093.000000
13680.000000
13726.000000
14165.000000
14391.000000
14557.000000
14646.000000
15110.000000
15465.000000
15776.000000
16216.000000
16392.000000
16645.000000
16889.000000
16898.000000
17245.000000
17881.000000
18092.000000
17820.000000
18333.000000
17586.000000
18575.000000
18574.000000
18985.000000
19087.000000
18978.000000
19039.000000
19650.000000
19243.000000
19282.000000
18476.000000
19288.000000
19509.000000
19520.000000
19051.000000
19275.000000
18656.000000
19115.000000
18231.000000
19039.000000
18650.000000
18624.000000
18393.000000
18509.000000
18290.000000
18141.000000
17793.000000
17781.000000
17271.000000
17265.000000
16866.000000
17095.000000
16931.000000
16712.000000
16310.000000
16293.000000
15984.000000
15466.000000
14778.000000
15348.000000
14699.000000
14646.000000
14161.000000
13852.000000
13432.000000
13588.000000
12406.000000
12369.000000
12147.000000
12087.000000
11532.000000
11347.000000
10692.000000
10251.000000
10099.000000
9761.000000
9379.000000
8885.000000
8190.000000
8173.000000
7856.000000
7400.000000
7297.000000
6983.000000
6410.000000
6319.000000
6215.000000
5992.000000
5708.000000
5668.000000
5391.000000
4910.000000
4941.000000
5080.000000
5073.000000
5218.000000
5014.000000
5191.000000
5156.000000
4612.000000
